6.35053254203 25.8710954098
20.4406920061 27.2592189153
4.68596022429 29.38421172
5.49482687278 24.5486205498
15.1269571675 5.88419718238
5.62345448314 26.6661166735
27.893159641 26.8463388531
22.7085597004 25.9224234104
17.3772476653 19.9026875728
2.70231126494 4.05479809801
24.0112256204 21.8878401241
5.70296324758 9.66923580562
4.69524426801 26.0570442518
18.7454251286 17.4696853303
6.30029714831 17.7277515696
5.02867864053 24.3659279487
22.3769910473 20.3348909941
4.8905813258 22.7382585846
4.34362409274 23.6027578904
7.43308139888 2.5753506468
5.47028424237 23.9501986232
15.902055133 10.9514894652
13.0751654108 22.1952023076
22.7533917983 6.10376071923
13.928802992 12.0353792279
6.81775007266 29.238162628
3.56664457953 16.4070104149
22.92411053 20.8381142892
1.06020991452 10.7611573601
27.2198357439 5.18228099626
26.9376837239 26.2712699391
22.5801277408 26.7183213142
12.7975001928 23.01260167
26.9173223068 28.5020794488
13.5130604906 9.92185151982
22.060488298 22.6337587508
7.07008774316 18.4161364964
21.9409250376 21.6623341096
29.0302518197 10.2617866179
1.88416736174 20.9837657562
12.3303195142 16.6481376957
19.4636034575 11.2824234333
5.64703678339 2.12452459824
13.6843944215 10.2368544002
27.0552174474 6.08126209063
21.6101613937 27.2077273671
13.0189434675 8.40593709694
19.662445554 14.2610399535
17.4704416731 18.6883988541
26.7744776526 1.8973944277
23.8249770051 29.0335032972
10.8309533966 16.9836799664
6.5425612846 20.836837031
24.8526403121 11.5719404158
1.67757074384 22.5770245584
20.0560799886 12.3774364805
11.2579537399 17.0978227241
8.67674230513 17.9823508189
27.7734708876 26.4636655477
28.6927020202 29.7063111561
4.43415186412 6.54399479637
10.7076854648 15.9010636571
7.47493682219 2.85909588618
5.11727435991 1.42156402387
18.3819630108 5.35492320498
3.99321436441 16.4280173277
6.98597216668 17.5113307096
5.98037348847 5.04509412899
7.01764166577 4.5368014463
14.2491288799 27.4703607146
0.0981517919371 21.9501987358
21.4727373589 26.867943183
29.0731339807 2.52245951672
20.3723629674 4.32028085622
2.55845465436 0.233295622661
29.6869299511 0.78877252122
9.82546283807 0.0465062329915
4.62025610777 0.701907014874
22.359406139 24.7756121183
22.8738066715 27.0485998062
18.3672686399 5.78809111956
10.2509380952 2.59661522086
7.21948082829 11.0275547633
5.09966260493 22.8666188816
27.4351642702 5.66391907636
1.59940300836 12.5611170287
26.1181060255 7.58400182466
14.3035384258 13.1141336967
21.4110450837 4.38037772863
0.967356115707 2.76199135472
2.07729640051 8.54300371939
9.95959237463 19.3039709953
2.51431518745 24.8534539352
24.3470006912 6.04227547791
14.7625704862 12.8478011203
19.9448994443 24.1415853279
19.873012222 6.46298314688
19.4855557506 16.818753397
3.51882559613 21.3426286509
4.62637575703 22.553505409
1.74716622477 8.59376107883
16.314434829 3.28742936239
11.1785126846 28.192203492
25.1863187132 20.7652181626
1.81659981327 19.1467172439
24.249735343 29.4064299931
13.0426082084 21.1687236857
17.7301995554 12.8873474855
16.0342984081 0.537293006192
4.45179190604 2.09432713221
6.34939986156 26.5041173675
0.92435825193 8.0045564504
8.76407232993 18.2801097718
13.4941792082 21.8682050379
26.914396146 12.212823627
29.5376766733 17.8423431667
15.4404598918 3.39676048134
11.1293966926 10.3287076692
18.3108966001 5.05367661966
5.88779630638 4.55654253281
16.8466393607 10.86703042
22.9042587872 8.30527328462
11.3654133194 14.3267105791
11.1094841841 0.629982361739
6.11177673494 18.9871845136
12.2911627199 0.145404269304
13.781324375 10.7036106862
8.98240967077 12.6688347167
17.5948297552 28.0383385735
4.48964422369 18.0039564146
22.0250961362 3.90706626271
2.03625703032 1.1362372262
28.0735725743 29.7526247433
12.5856069261 7.03888386273
7.54612070268 15.0604124996
2.09108665567 5.46243411418
6.80890142102 0.480074651649
1.49738058771 7.56163250302
14.1875486034 16.5790806634
2.15988466557 2.42287855852
15.0254131591 26.2866799319
15.7098244692 0.684737437029
9.45196859266 20.9832530142
16.6526235297 2.30387002396
16.3229250897 12.4744537925
26.0316205728 15.3305294007
1.4888906739 0.339075742017
9.84331993849 18.2319054623
0.994181265209 13.7562375008
8.28703408784 11.200426027
44.8065169074 52.2387173318
52.5913911613 49.8927187292
57.9662761757 53.0502517214
48.3659439084 51.9011433098
54.7731110892 35.8001923079
59.7633217846 55.9715621285
53.6402053941 41.342801439
30.6221548372 33.8373623067
58.640788728 30.5510247121
51.4203363268 44.5207722283
52.055579828 51.3963201759
41.4140204829 55.0249193682
37.5263859375 37.856850575
41.8387521185 57.2611847686
33.4729076171 52.8378596722
55.4147307043 58.279477995
46.3008234087 55.0598417813
36.1400408221 38.3351555635
47.817311775 43.6304164497
48.4243647971 33.9644208512
40.6482102498 42.5718319182
48.7680514295 58.7914835769
38.1364761952 49.7219895757
32.2967055838 57.2961920792
44.364396734 47.7148267138
36.0924993045 37.4595987289
53.835158481 33.6286393597
33.8660191196 38.9365605155
51.2039976848 57.9042902686
55.0693213949 39.1812737462
41.9767120692 46.3795013077
56.8868470734 31.3570193087
56.0507501791 35.6801484197
37.7375985795 49.3605929043
52.4568428155 35.9596806419
47.882154665 30.3280052391
58.1201864031 44.0967036058
34.6240212879 30.6187874507
36.914909705 50.3473040931
33.082221092 44.0169631631
40.8657790457 39.4213301621
54.410901443 40.3316679095
44.5542681268 47.2708766823
44.1373704651 57.5101192765
45.2248417825 57.6877125634
48.7377997441 59.8893091436
53.7262051492 58.1239016821
42.170291061 39.0266162451
58.0137671199 48.4321838445
52.0164150331 54.5821668078
49.6354313968 57.6245667418
58.8102311534 51.0855733981
50.2961137626 44.9558146894
53.5969604329 34.4527298934
52.344946654 40.2851708978
44.8904431738 30.9933845431
57.8878646067 31.7165110505
34.655575861 44.1011193797
52.3763121103 42.2937675751
37.2446083418 49.6602664652
58.0237937876 32.9651073733
51.1244831067 35.0671267554
41.9719572053 40.7742380865
54.0914982303 52.1979379934
41.2740046478 35.0443123211
52.060151791 55.8712053658
59.3495499225 49.2739150951
52.2704791916 48.8891632763
59.9775086089 45.6899352079
43.7740487475 53.5023716723
47.5115113074 37.891912249
45.300790909 36.4229432186
42.8517815989 55.5864544515
53.2031088917 39.0008973411
45.7842623765 37.3940899183
52.6792957367 48.8959771088
32.1006182611 35.1173694866
35.8533740532 58.7498947329
44.3148627556 58.7801043962
53.5805559167 57.5693032836
53.5893520175 37.985149563
30.4021731959 37.4589307529
30.6218994877 31.4525939506
43.9531424868 36.9899608621
43.0142143136 47.3750067226
45.7964010583 51.8577179477
34.6191062097 47.5849611674
31.0346028064 43.5431357038
46.5211070443 40.2209042912
59.283590416 36.7934190768
59.2178915111 30.8069390963
56.259425327 30.2134082796
57.0725786543 47.7801697589
44.0810622116 53.7328750062
56.2249603799 30.4008695783
34.272459599 50.5759486207
35.898943432 33.2943228664
38.3510905412 43.5325975792
43.6816237043 49.5708161768
43.2202025784 50.3462358593
39.6493592479 32.6078290209
37.523455671 49.2544897523
54.4879914003 37.9198170763
39.8547115866 30.9281397512
39.6244965406 31.0951051211
57.4190312772 45.9588233514
54.2268861136 40.6599224756
37.6075038131 52.4253447721
57.8410879536 55.198381908
58.2845254171 47.7135729465
50.7096981047 40.2663414288
47.3774845127 54.0781897413
30.3646383941 54.6354540675
35.9932576821 47.4745366313
43.3090798613 43.0174711167
47.7219343877 43.2834537705
56.7757533354 47.4865416078
56.0043157275 49.5324602473
35.5467324323 55.6323804473
50.5471432987 33.1369390051
46.6480354655 35.8536198566
37.0827427181 51.721538965
34.6522053434 42.6139340003
45.3242355859 49.3929738236
47.0247625075 45.6055284831
46.8522548343 45.6962657815
37.3762150349 42.6579525315
32.2218412464 36.6190711567
31.1288673143 35.6815414709
34.5474304945 47.737332291
44.7915752471 53.7229919202
58.3984844147 42.6950713677
53.6584908358 47.3960585581
49.4237753213 41.7988442153
46.6550508893 30.4962501415
53.2874380163 41.185578863
54.8405344469 55.2865264771
52.3054016321 37.9060747547
56.2490154774 33.0314019032
57.0112665441 34.6033185711
40.4637043057 48.0585714321
46.4384121978 31.8744384985
42.2088675392 38.2604388462
40.4427361334 31.8466189777
58.3445075409 44.2945427411
42.0734175122 41.4649630212
42.8430856083 33.6114473082
56.5177579829 34.6325227681
44.0722835072 45.7570369598
53.2009342331 40.7898535314
86.0081183874 64.5928759877
88.1894316185 85.5859221115
80.9563575353 86.5300576174
63.5834753144 61.2700421391
79.2751677207 72.1936629586
68.9151324783 73.1836149052
64.1047944401 63.3391663516
76.1750346988 71.8426696569
87.6238886999 63.9057769776
82.2573957584 77.3627782416
82.5503497409 69.0296425824
77.4281044981 76.5262289351
88.2265312624 65.7831864417
74.8334326055 67.6489592649
73.5412436035 81.3400949629
81.7336564251 76.3634991647
70.9794201414 75.4836285061
74.271974093 86.1295446969
60.1250863374 61.3484618428
79.8833006766 64.0867029983
61.8966092434 79.6527304695
62.019758333 67.3508102793
62.8005664586 71.3095049709
85.6308645672 88.8762666984
70.2086661034 69.41965311
82.8835637461 76.1057183107
65.2367202212 81.2616661225
61.0757590257 68.6598499169
82.3095430391 69.4306762436
83.4466153199 73.2277504722
62.9310901383 79.3687819971
67.9754327586 74.8704951122
69.7168222666 82.7215558113
75.7044654699 78.8642933128
74.7518273118 73.6290577493
66.7846802081 64.1483692945
69.0141031626 81.9964347865
87.8106435939 87.0676244969
82.8483212578 74.011190382
88.3487955271 62.7879404436
72.4672498892 69.4559467202
87.7831535057 64.1620068344
74.1453055571 68.7318681584
61.8413536147 75.3806983311
67.5099926958 77.172384225
86.8467950368 86.110433477
88.0608358566 80.5637352733
87.5406656543 80.0046858101
61.3958644138 66.8290246334
65.0166159311 83.3133519074
77.5541380405 79.4745029472
72.3615044708 73.1892764227
64.1803387868 68.7888731173
60.1422640538 63.1774408372
74.7858723432 77.7639462412
67.1150103341 61.1182629063
84.2741946655 61.7516819881
82.09151149 64.7177809434
88.2146603046 85.2106301171
73.1319875748 77.5760428987
89.7495115983 83.1590835156
69.1446462332 62.572995896
88.368041131 80.5711505482
74.337233074 78.5232967409
60.5798209665 86.5879673411
64.7221405133 61.3578377929
66.0419813835 64.7409078234
82.7508107134 84.6338424553
68.7087245593 64.7511495076
60.5148672722 81.2066249166
66.7248934986 61.6526144542
77.9153462069 88.5076203281
86.8472995291 66.1946746176
60.9796009204 66.3222503462
87.0031833899 63.7304216968
64.1247217973 82.030424726
82.3537439555 60.5203726565
85.5511526479 84.0272602309
66.6887972946 81.3532908079
78.0837313757 73.0667785797
66.3716639184 74.5386852468
69.6101261606 89.0071507732
65.959670743 85.8405679252
82.8637707378 73.528265543
72.7945495971 80.4678330929
73.9032714929 84.2865238664
79.7985647732 80.0707759959
70.2467255628 66.0762682763
79.613929041 68.2302541188
86.3795303601 77.0321724127
89.7033671204 69.0888525937
60.6851168291 69.9608016219
79.9001495748 85.9314043077
65.6104289826 84.4173212038
83.8200359349 81.9679939652
67.6489141795 83.2548465043
87.6072012485 64.3279911997
66.7583570069 70.7800127495
62.9593397773 74.5924373599
78.2097382561 65.7636119745
87.5095979032 86.9592902746
73.4903720329 80.7559674472
72.2082605173 64.6567959402
68.0192478189 66.6602860543
68.1268029945 65.7647404116
79.1393848388 69.5657746967
64.5228228912 74.7915990636
71.5763411186 61.6639926799
80.604713372 65.8738045656
62.6625194082 81.2617486993
67.2022445032 81.4403376443
62.0693588736 86.8422898476
78.6113794406 60.0113099369
63.5373732091 70.693756575
64.6298472251 69.0554240473
65.6647268424 77.2089118203
74.032135683 71.8496255144
83.2108151606 78.8701478654
67.0689138914 83.5829342151
87.8830854775 82.9388303239
69.178067386 69.0905799538
81.9043562953 77.1720237937
74.0214608519 76.7345142633
81.6289823426 69.9817591119
69.4565943934 64.2452671988
86.0813173073 63.4217513889
82.9687762764 79.0494949714
86.4405782008 79.7353043709
85.2747190439 67.6737277152
60.0953884219 60.2026331502
81.3086718272 66.2714677572
80.8939258671 76.4682411617
80.7127539967 84.4798785791
67.737499583 81.377240173
69.4397141005 80.1183691088
80.0117468649 73.051080406
88.1391947674 75.8329405042
88.6720646627 68.3776410991
85.7543145213 64.0949724492
78.1582708454 89.3432876023
89.8108747455 84.3389912718
63.5031968597 89.2777180264
71.7236682072 74.9687802764
82.5969457387 78.812265552
80.7678717998 82.7262110182
60.6960761866 74.7662747658
86.5816369771 79.2509094249
62.0106067256 68.6353792431
69.9437588409 87.6886702172
83.0511986956 63.4612380101
