11.2323162089 0.0146534021168
7.04733542411 45.740454596
4.45150459787 49.0443119114
49.1594233105 22.8358661228
33.8849964293 10.9153269274
20.1468695397 1.84218400851
40.3948747248 46.5889111346
40.288942525 37.5932054555
49.6386247132 11.9635785753
8.73946381348 33.3123296335
8.90954261408 38.2674059542
32.3914670651 32.2227313454
35.8463880145 1.65879757535
3.88088481152 43.6182944542
42.6740449254 7.98214991663
36.5400331901 25.9136901462
34.6157299272 8.96990577615
37.8631308128 0.833665690647
31.1017141268 46.1538722496
39.261929242 0.00569634147062
25.5675688407 41.317362524
14.3578708494 10.0336689534
3.80774833205 26.2692993683
18.9570665189 2.63707588954
36.3576550366 1.10885957568
32.8511940842 0.913240804808
42.0767438179 19.5700043058
9.1039083709 19.1599127928
30.2680931637 48.8081927379
21.331722852 19.3243172978
14.0575323739 16.7217808036
33.1934449635 36.2353282723
41.7375488899 49.1513729081
7.5518214375 20.2711193411
39.3394742549 42.5220965692
37.9241781286 43.7282111313
18.2420907434 35.4723749231
11.2426954397 15.0431434888
16.2363789513 27.9414634549
35.1127203498 42.9385961039
12.1610847417 37.4820286886
45.7104040039 1.27323707603
6.22801896897 44.9120057413
24.5152253074 44.2100518779
34.8277267531 19.6025395801
43.9589447393 4.58681217598
46.4125755619 3.96052344124
22.7326608184 6.12386635717
5.44975760497 44.2313176587
27.1369250789 27.4141470465
43.280678567 25.8257151994
5.09783556571 7.31846235754
40.8954555849 17.8207803983
25.7691098539 40.845796435
35.0521300541 27.8231826653
45.5178821914 43.9380310454
39.666689436 36.3618987752
39.7354583352 17.5849783433
48.9627264679 3.22179984905
33.9803921063 44.8288652504
17.2896054413 10.4078705371
44.8236811842 30.2146860938
37.6419665361 21.3555536641
31.3578584265 2.2029413689
44.3023279947 44.5173898674
2.23372152381 41.1390358387
10.9661686334 49.2360982495
27.9320522903 21.9089827843
6.63452455443 6.02932520045
12.881020769 23.7062032045
11.2571602922 28.148928528
16.2761870535 0.613139418398
3.10146627528 25.7111684513
49.1955663203 35.0470314034
30.5487865188 2.16408959554
47.9836642271 31.5909115094
2.24902680034 16.0263969416
39.3657835571 44.8565526329
48.7420896584 42.5180908611
11.9330652297 36.5906692609
28.8097561869 6.7479927353
30.430512023 37.4810798016
23.3275107084 4.55843604493
29.1974784799 36.5963582748
49.7563510687 38.2500822484
36.0113212557 35.9441502702
7.21378271189 34.2524562003
30.2391695404 10.5727098117
14.0034280775 3.81027621381
15.9484287937 23.782347875
42.4918264476 31.2754811043
2.31141241366 20.1208190466
46.3671723454 1.21594243505
21.9027194275 10.9118674333
46.7165829212 19.4336634509
47.1169613695 45.0803527903
6.11128832889 28.298546724
23.3244131172 23.1672590902
2.32505093734 16.697665502
36.7376071156 29.3957959823
4.29549124176 27.2598768489
14.2040918022 24.2550064611
8.40395371225 6.7168745393
34.3133742633 13.4702038785
21.435163173 42.1106181772
44.0554474748 0.748687014805
19.4424834214 4.93071895937
28.0187265069 33.0019212481
0.00628898200789 23.8244322331
27.6003665317 36.8135091041
19.5373801616 18.2783965102
5.9229194253 43.0503941197
24.3208541656 7.92433048353
30.9390908312 27.9896528995
6.35543247938 24.195688036
27.2399486424 49.0218745759
49.6970065955 39.16093675
18.8423424884 41.3874723123
33.6042162849 31.6826485061
14.3761116892 48.3540750009
48.3472077563 13.7842819575
31.4740634288 3.72953533416
8.17108700744 6.53701865309
8.28040390952 32.579225375
47.312630819 29.2371209747
27.6110175901 33.1124256906
16.8216313788 24.4886778317
7.25752878107 14.0223318017
21.3745151064 13.709670667
44.92509713 27.3654120883
27.3810085713 27.6652856892
37.3722644296 49.8508162624
45.1249624779 27.4342778857
24.3929532202 11.8254406064
48.6878011293 33.750226479
7.73528567904 32.5330100225
38.3303827922 25.2377325506
28.4676457936 16.6809192909
46.2877989739 44.7096633053
37.2319780978 15.8250234509
9.76042299449 46.9456402933
13.7086961734 28.8981751529
34.0863327455 10.177625402
25.4211912753 1.31880048116
45.1194519013 16.6444499869
29.8748890423 7.36195456796
40.056067642 49.0836118049
3.67342273312 11.6432015516
29.3508910503 27.9903652842
45.2371857446 26.9396474747
64.536538265 72.0570138457
88.2576712746 68.387339289
58.7681331804 65.3565567413
51.5087439217 94.2117627396
67.0954045032 50.9283416305
54.0332004915 69.1206944861
71.6880423064 51.2547077524
86.9633988645 59.9174621803
85.4200426523 84.2185357537
71.7436763938 86.3878037109
82.879500474 94.9014184388
81.600394502 63.7076387701
71.4430241606 89.0717368604
54.2667721469 94.2663468545
60.7358027908 83.7538842327
75.1439982803 76.770591986
98.9924833955 90.6064458798
59.0516476721 74.5179077697
72.9035327904 88.7098885895
59.3075745652 72.7804045561
75.3221354806 86.3548580196
88.8976600094 68.6459288259
52.0512211726 72.2121685342
60.233201607 99.8831277773
59.791251957 99.1973981033
64.1496838331 92.5724504455
58.1074228443 87.1898031901
55.8838868669 77.6258642814
86.1154304936 69.6535444026
89.0706230063 83.7174914135
76.9592642278 68.1345932672
79.2801477533 94.3193979881
98.8902324442 76.1112500494
82.8850648455 50.4482688715
59.590984371 95.9795923161
56.0526994469 94.2019104722
94.5725327045 70.6177792001
62.4910106459 60.2930204331
59.0164913222 59.4303156366
88.6038233937 50.6400179396
79.8291180891 97.4488303347
88.4742219688 80.9001164993
52.3980302056 81.2153052473
86.9445808058 96.3569709574
62.2810921395 87.101160065
81.153401832 70.22568911
75.2958400406 50.9756933518
71.138285286 52.0424070558
85.5540762641 68.3475286014
50.2367457874 85.1648143452
99.7538536626 79.2746199944
61.8074721141 99.7824064647
62.9879848457 70.9268855716
87.498432871 64.0038957595
57.1163786066 84.2685811089
83.5164144821 89.6073115296
62.7339691174 66.4006872938
99.2167436852 67.9784340636
72.6564401786 81.8295795731
93.8397909638 99.389743353
68.7206883099 98.5911057366
84.8090179446 78.5235702199
64.0883258089 90.3756617681
80.0817032604 95.4881407294
89.6402804889 92.0672212797
72.114444104 77.9593692356
86.0321855686 99.1401247091
91.9283655324 61.5867699103
61.0532462779 82.4574013682
77.4956686491 55.7738274259
90.2258609085 54.8655557387
76.221275463 79.4801771173
91.1477495504 82.7060343616
81.8084728734 65.7264814247
96.1405151607 80.5249783314
73.9362224387 79.8457319486
70.3447093329 82.1045718591
66.3273655466 89.3880845998
65.2634234743 99.3634065843
79.9687750157 64.0689588406
62.4270857756 80.6803224725
92.3321207696 60.7407332788
67.9528819072 70.3101800131
91.6702357875 59.1201632803
55.8847170502 98.7212166881
57.6474031292 62.1273649209
61.7394139815 53.8963372539
95.2208493446 86.1130332343
79.3967953299 57.9702292324
75.2838112958 64.065130821
74.0012328558 63.1546435081
91.3422476965 53.6026931466
71.4394183709 84.3713295208
63.7709371752 87.1241920043
57.3024897977 54.887751372
95.8342334077 64.0126058399
73.070708905 68.9762187518
51.3678316904 69.6754714174
89.2229088818 66.0735239088
61.5421908904 67.4589051919
63.2081100833 81.836920726
66.1869255973 85.1713903294
80.5860127488 54.1404541728
89.6081596659 60.9418812996
67.6514837457 57.4169291357
59.7598259781 52.0100969001
91.7573046611 98.1787294339
60.7863376781 55.6835801467
79.1399353836 83.2083727658
86.0394417801 96.1982804494
97.5170917131 72.8166375648
54.756416202 92.4001200771
90.6626740825 57.401713436
51.1364048585 86.3660881784
74.9474032185 69.7000799562
54.7482470944 65.0010484489
78.6994734869 60.1539411443
82.0472677922 58.3065666354
91.5111289089 51.1419136634
79.2490641115 52.0716116005
83.2916877621 80.3187351264
83.4999514674 96.8977918755
52.0228164607 73.1000797982
53.0016753182 59.2806825186
50.5162612161 83.5838650289
64.7300290323 77.458493078
60.16002122 81.4685988162
85.5178330105 92.8231453493
80.4322068583 71.9601203346
50.6292162344 72.1090549354
77.0961346369 78.224808211
85.5176298613 62.5812433841
96.9329068762 71.9418537586
81.3884042369 65.8704728144
80.2720510578 72.7112526396
81.9942063608 60.4056949985
76.7517846682 90.1220432132
82.4531848788 50.0228837923
98.5842248061 77.9211459787
75.3276297884 89.2843607495
88.8899535898 53.1374870552
61.7649682818 51.3855753625
51.3862883383 80.0433885282
90.8167066556 84.1401322156
82.9470981199 73.3231964878
88.1608666717 83.0401844551
68.2359889376 93.3234286726
81.4584059488 68.7421734108
93.1462791398 82.4862029445
57.2250354151 59.657264584
